0.8275033649105111
0.9690141814907153
0.880936548091942
0.8803251255599565
0.8409321233131068
0.855483047168303
0.8845013513444163
0.9112045945769309
0.8904837258870709
0.8569540842358417
0.8632385652784859
0.8656630390652631
0.8722373885616108
0.8962331559056964
0.9690141814907153
0.8768482543091239
0.8426124957648867
0.8496057838712036
0.9007987458639336
0.8723546081398528
0.9684562156585903
0.8717151818475538
0.9690141814907153
0.8344675419953768
1.0
0.8967823576913135
0.8074103344441584
0.8848031435050662
0.8724415034525318
0.8690851062569239
1.0
0.8361680754014644
0.8817798113260654
0.8692790908844593
0.8452180494949834
0.8778838768999757
0.9858840337276773
0.8669950963845859
0.8684444381735406
0.912477639812605
0.8237133610746027
0.8712552653847155
0.8655340667383274
0.8648959611504292
0.8742712690242865
0.8577953875362548
0.8769712457694616
0.9339470119541109
0.8583862542209467
0.855213064643051
0.8808950618202234
0.8687210010358606
0.8660943831649347
0.8803433679659534
0.884455143955704
0.8863291926370099
0.8721366216367415
0.8463492707502119
0.8764205903294632
0.8886090208199439
0.8802344175767718
0.8727753410977354
0.8726483764902573
0.912126173593191
0.8962715136808124
0.8680863530079755
0.8385495941381226
0.8619212541097483
0.8731356970485034
0.9274264161472275
0.8769734476445115
0.8766398167676054
0.8689782355513058
0.8950192825391492
0.837876776788381
0.8742089984457568
0.805661630357392
0.8975417734236149
0.8629664861532853
0.8847134222466566
0.8682456911871141
0.8882379074907336
1.0
0.8902705825965449
0.8738961017223186
1.0
0.8613227881911635
0.8818216999315037
0.8765230529710014
0.8566981271386314
0.8469409784893043
0.8971149306978421
0.9072853865890611
0.8374335288981009
0.8833278587925185
0.8548752792563763
0.8420609182120946
0.8396214649208963
0.8605195973321436
0.9014903138019296
0.9356207195887801
0.9052588043576802
0.9142623067277988
0.9007400485763616
0.8896307364627908
0.8862964329455221
0.9198092716341967
0.8799445878814383
0.8743418029569267
0.8395852105599069
0.880148538573514
0.8763911842264278
0.9171014732295071
0.8754119855660341
1.0
0.8682837988837699
0.8964062061184682
0.9670380143031015
0.8371450329411959
0.8317526087890976
0.8836967003612448
0.8798262502933735
0.8876512147248049
0.9540034149151417
0.8425626642377789
0.8777188555745792
0.864023997647265
0.8770777917392596
0.9190414632758374
0.8711952426838674
0.8763686541176842
0.8907870187694852
0.8241750821949536
0.8812992261525028
0.8958516456746417
0.8876296096765948
0.8929135334819467
0.8743526301561718
0.8665840908077511
0.8691563649927773
0.8588945451107792
0.9085742295754764
0.8716619921880695
0.8932886823555519
0.8876023850359566
0.8369773767298357
0.8876023850359566
0.8453589123251889
0.8909289891474143
0.8999742314189128
0.8411812213239794
0.8769397396428107
0.8414208257754582
0.8782526028144799
0.8723503734208063
0.983520146568496
0.8308705074517321
0.8424990281793496
0.9211854404774039
0.9172927607512411
0.8510565403995383
0.8633497813448746
0.9644149700193884
0.843669333284197
0.8700947526226834
0.8524250848086836
0.8469837268667937
0.8646149002163771
0.8896701874465077
0.8477331471475074
0.9685762129974931
0.8882481319438942
0.8588848415112392
0.8808148508375648
0.9053521299865882
0.896000475645062
0.8443833228618929
0.8749777512116491
0.8806854203186805
0.9251016595458298
0.8921692298429817
0.8770940131093542
0.8722408500880894
0.8458096753312441
0.8694364585336744
0.8779477895181522
0.8619323686881645
0.8812597880598811
0.8572861635327992
0.9858840337276773
0.8538326807096002
1.0
0.8476626877331647
0.954689441511144
0.8853191450246825
0.9215558745607814
0.8732290522614846
0.8227402258643225
0.8880926744197628
0.8596830069737733
0.8620044940025902
0.8796235510860885
0.9065320313763199
0.9203577342692714
0.8414601112104838
0.9690141814907153
0.8492053777771279
0.8365898370261404
0.8468527865594575
0.8706745535783152
0.9690141814907153
0.8613242614698633
0.9411559564788593
0.8480863250120186
0.9122759097230801
0.912348035558804
0.8967887266206371
0.854934150095609
0.8875964004427338
0.9225288134037959
0.9690141814907153
0.854717104851599
0.9772504634063146
0.8857493360852272
0.8122021571488419
0.8923211081334684
0.8606891143257386
1.0
0.8732980524222157
0.8557400771838028
0.8775145647913015
0.8575776972642096
0.856312607834892
0.8420137281089499
0.8531818088306372
0.8479676429827387
0.8778113274584599
1.0
0.9095170216664732
0.8747561456261438
0.8540062122381411
0.8693489508547191
0.867767209244789
0.8615461567987894
0.8550897427900495
0.8868978525729179
0.8578637673058492
0.8784576898083224
0.8769707773466794
0.8184838940183299
0.879351782098756
0.9010387226560392
0.8750775757354107
0.8997647786006333
0.8788041064585078
0.8488745844448484
0.9690141814907153
0.8658659428241149
0.851006269582065
0.9301227843620437
0.8198695811000916
0.8603838242846339
0.8930643323015329
0.8388733014518772
0.8610263425869479
0.8960678981872837
0.861694380426788
0.9399316395427472
0.8618802513262521
0.8888155544189347
0.8465803903901341
0.8970823094385804
0.8827185909183147
0.8544888202118054
0.8227177529990886
0.8506701841292624
0.9690141814907153
0.8767760466128385
0.87893783944665
0.8462058493756801
0.8876023850359566
0.8890932353491898
0.863953765682148
0.9690141814907153
0.8786691016143289
0.8468303570297089
0.8861217177487546
0.8266987517112986
0.9059988859110616
0.8943797647681889
0.8563624050902336
0.8777188555745792
0.878773945751145
0.8765012570711502
0.8685931246581506
0.8779313141949195
0.8752126856608274
0.8981746737507548
0.8903461489011705
0.8771474884921167
0.8757283744897301
0.8895910538559686
0.8944752093231603
0.8331187002462843
0.8933396171822957
0.8419611614153321
0.962861564533984
0.9100489491860296
0.8768164502097887
0.8209332740783777
0.8674943012920739
0.8801421347522091
0.8544374001838972
0.8339761571159106
0.8541508325632415
0.8980146870727936
1.0
0.8414580674553483
0.8526048390093426
0.8705281618215392
0.855296822726539
0.8614559684479369
0.9858840337276773
0.9072601430450883
0.8711999919481278
0.8668729847089696
0.8688661942105733
0.8429034710446237
0.87935482955261
0.893414758382376
0.8522545356723318
0.8853307285343314
0.8509380207882651
0.8997059513258449
0.886799438742066
0.8228726581764694
0.9690141814907153
0.8567706738704101
0.8308615933998927
0.8392780884680981
0.8487764623254793
0.8887253735965275
0.889362223180326
0.8440740352984148
0.847464182815693
0.9363357853982388
0.919542100637754
0.8697582957649664
0.9690141814907153
0.8502750156220014
0.8763686541176842
0.867936469140225
0.8453605240279286
0.8570479700766271
0.988738944951796
0.8604159192539401
0.9020573329902739
0.8644352816201748
0.8438792819028971
0.90815732942817
0.9858840337276773
0.8704514385634939
0.9858840337276773
0.8766614989931003
0.9136674215984869
0.8727019694856143
0.8658080980482501
0.8810722401474744
0.9615740331241468
0.8590886824713442
0.8354771506326177
0.8561986864691072
0.8786886732048169
0.8814089832407866
0.8825161144761373
0.8832914529903644
0.8945270489913412
0.8695647003259347
0.8515587601797481
0.8558765263429247
0.8860823897960333
0.8578085316697927
0.8331505114735721
0.853422064939414
0.9100200080469418
0.900103956807545
0.8764099398499262
0.850625642420253
0.8632997088183485
0.8729843291742312
0.9307352549160749
0.9420309678012501
0.8298082257706173
0.8539906262689323
0.907092305306889
0.8852138242190193
0.9078402771820421
0.8656159603003108
0.8743959736082378
1.0
0.87314361143649
0.8748343174939132
0.8476087053964235
0.8715508434445636
0.886588101098452
0.8762861813284912
0.8689025721654711
0.8732079301849593
0.915797139949339
0.9072736704771756
0.8711469019570287
0.8381821034243074
0.8705597789055479
0.8637600922165692
0.8424647215480221
0.8768243485295754
0.8570171642005447
1.0
0.8492100374588499
0.850355113291265
0.8481179128086966
0.877783873362706
0.8491759694777852
0.8787381124240593
0.8692695344780689
0.9216526253672049
0.8275263384578025
0.876374740162815
0.8763686541176842
0.8508891484608081
0.8801618726454897
0.8949276753007416
0.8605251760316651
0.8686997764360935
0.8427362411423556
0.9188222477985137
0.8584935280797269
0.9472301130573376
0.9858840337276773
0.8492101017483548
0.891405023758216
0.8308224482674976
0.9353284771599234
0.9139590744451613
0.9100542943846699
0.8594538576339656
0.9039397230961126
0.8883852795956075
0.9684562156585903
0.9096088264288695
0.8438030030439516
0.8557044851451365
0.8604206637763802
0.8340088822666709
0.8548515828682478
0.8737364477706971
0.8766619694331538
0.878692121826686
0.8485329699711454
0.8634502481694538
0.8864886901400351
0.8604601168051784
0.8330163116092318
0.8770725056303358
0.9773763181636176
0.8103200579475873
0.842647706803474
0.9590599476356663
0.8950449051746203
0.8590330066420712
0.8644453274487731
0.8791042266789002
0.8794552465568491
0.8810238476964409
0.8191035423809263
0.9717141213931572
0.9029079638082018
0.8646027892898854
0.8483050317470986
0.8728312065902283
0.8600517557130913
0.8494676887383105
0.8906327207564597
0.8900007381377796
0.8579438022238324
0.9690141814907153
0.8684712849736924
0.8543898260600205
0.906845700939995
0.8436086483373384
0.8859046450794783
0.8474692296328833
0.9567372932700817
0.8437591216189191
0.8601125325753041
0.8856588437730722
0.8609927839346847
0.9065947821406493
0.8701380676938492
0.8860225113476845
0.8130622018076696
0.8111814278522835
1.0
0.8826820480522253
0.9244788885258821
0.858187456919639
1.0
0.8887257662625306
0.8775033278084451
0.8649775866774752
0.865472448645007
0.8384258430129828
0.8923115235357505
0.8876990069150041
0.8469700564465978
0.872896963729322
0.8505298704834655
0.8449235923042793
0.8879465064331918
0.854639034088456
0.893065718905015
0.8808206462565256
0.9690141814907153
0.8539693963958341
0.8606170082066162
0.8855591499235395
0.8839618958577156
0.9259605577189655
0.8931610318660091
0.8720725860918505
0.8565927178598967
0.848070074153453
0.8438123194993867
0.8869343717693535
0.8960116763296071
0.8164893794765801
0.8775425922329483
0.8601218978522802
0.8543574531551403
0.9311186757578385
0.9324819874266834
0.9289793819800952
0.8367087896130949
0.822906659268256
0.8388718365734652
0.869741866754795
0.9274643986439116
1.0
0.8763686541176842
0.8713349742367509
0.8508129866489552
0.8042195866300548
0.8615807170236053
0.8614562323338094
0.8819810257152912
0.868850022962193
0.9690141814907153
0.9858840337276773
0.8837057291967452
0.893582613856902
0.8373384359184496
0.8706851261533342
0.9324396799732145
0.8867543864574194
0.8724159734619706
0.8779780468948218
0.866678881081919
0.8726047885284409
0.8811221463425034
0.8725219669735326
0.8828383711982642
1.0
0.8588464236022267
0.8329514427467788
0.9690141814907153
0.8613591739605252
0.883101366308829
0.8730993816622282
0.819013117886839
0.9072470123347985
0.8710931248016623
0.9772504634063146
0.9690141814907153
0.839765236683519
0.8673196097039347
0.9009385957971984
0.9258754164252189
0.9410304085261896
0.9773763181636176
0.9006433496636483
0.8794865388058594
0.9392371097663488
0.8885230058965279
0.8983378185855758
0.8614528457278932
0.8210890483363836
0.8651373310657694
0.8545325637908252
0.8443478310101232
0.8740859478736066
1.0
0.9690141814907153
0.9058053848608931
0.8683919181912919
0.874114497998204
0.8804926079589879
0.9143124342908462
0.8931343910599737
0.8474167422205433
0.8373235951469319
0.897455464383736
0.8713035241766987
0.8881785632283898
0.8499409644303181
0.9161622561704545
0.884479992911776
0.8461452747416397
0.8719786789561044
0.9690141814907153
0.8597228788966437
0.9690141814907153
0.8611989246447449
0.8855839139189738
0.8880597959213595
0.859394026070958
0.8949716707032417
0.8660672998356429
0.9098325881204118
0.889050893704461
0.878428078928429
0.892557187900836
0.8372338598870531
0.8734877779471806
0.8938096581161062
0.8767295572974277
0.9684562156585903
0.8400552715291268
0.983520146568496
0.9690141814907153
0.9013123913682005
0.9298286402717242
0.9008602776701433
0.87116078212553
0.8777317623419983
0.8539230805348718
0.8774371198567714
0.8608967172459362
0.8688278878421725
0.827410001780155
0.8952205057841848
0.9690141814907153
0.8602825779377751
0.8607536744511437
0.8664329620062979
0.847959726049518
0.8818333127276721
0.8952836883298534
0.8981746737507548
0.8878256312497241
0.9366675460878224
0.9773763181636176
0.8566018725933391
0.9690141814907153
0.8487368049318856
0.8314189188228087
0.8595422479080326
0.8589257429356639
0.8567027275426894
0.8563314260140321
0.8278573316770746
0.8951749403346925
0.9353490287782742
0.8554598413894057
0.8380340791848951
0.873718137418357
0.8773153198455262
0.8722346764914305
0.890884419522713
0.8436177655077756
0.8632962471961141
0.8901359327856121
1.0
0.8553384878184859
0.8830570577273457
0.8648704940964893
0.8578491891637903
0.8721417202341946
0.9858840337276773
0.8579588268173706
0.8912257755855447
0.8687806785515048
0.841626392539304
0.8758987302456347
0.856204516768452
0.8583190265189931
0.9031436359402448
0.8492543175758965
0.8756016080984576
0.8998498398456325
0.8697801634911655
0.9395775971954007
0.8434475471043047
0.8649820436804037
0.8439989824619352
0.8583722402199018
0.8149841876424804
0.8393839357541473
0.8770774221465386
0.8401760692694299
0.8930643323015329
0.8668087310824902
0.91330500102915
0.8473561589813028
0.883792017110618
0.8606395819898126
0.8377994607200059
0.8880470787586376
0.8795658391708234
0.9258754164252189
0.8803479583542418
0.8315677863549779
0.858510243432036
0.8604109433408473
0.90717614093307
0.9675761691845121
0.8643934346624386
0.8390318403622029
0.8579616012902712
0.8785827191254683
0.8461851560394222
0.9364829982080761
0.8521608497465056
0.8669841879517318
0.8595490998773786
0.9147923178185609
0.9178262243545617
0.9769182670886009
0.8657791785797252
0.8812417621382638
0.8545416418129337
0.8452158625040631
0.908562631920823
0.8611027920642464
0.915797139949339
0.8777188555745792
0.8806982010272447
0.8468100021672136
0.9184535330041811
0.8677843538389131
0.9342858435963696
0.9362941898662277
0.8560854363891653
0.8446104082726092
0.9031352588298467
0.8580167426447306
0.8718713730204476
0.8674807883662454
0.9244047265426931
0.9052131240393796
0.8818341305400355
0.8294281003764594
0.9276744106184263
0.8836863528610635
0.9231478203941551
0.8416986216480211
0.856354494738502
0.8655377720159277
0.9401013218040954
0.8470788790003286
0.841808051960276
0.8737088524680388
0.8788481145751122
0.8903463404939264
0.9010532810995773
0.8841354630816679
0.9121629893661511
0.8626988096820631
0.823590139802458
0.9090240447175851
0.8592568290803677
0.8698499736729035
0.9028006509553064
0.8520987898924202
0.8512421430764984
0.8621227765510484
0.8785611255460215
0.8494172295371306
0.865080583957107
0.8332484634027215
0.8805066118567035
0.9681638382455676
0.8548160481294205
0.8602916098701954
0.8612021477662404
0.8765289511286357
0.8844866493793487
0.8596513227001982
0.8739670652025273
0.8608896212643141
0.8770018392684485
0.9308346373160915
0.8587116787769503
0.8432465290797074
0.8349851257450609
0.8873758726597977
0.8423288479006306
0.8101627338907907
0.9107552311774343
0.8688366010660165
0.9011055836449
0.8606785528250744
0.9010680721680635
0.8694693785660744
0.8876796744799612
0.9705057815780578
0.8668248234017834
0.8421970505788059
0.9690141814907153
0.8914363395762617
0.8926898929366868
0.8614959517350372
0.872186294362047
0.9330124130636693
0.8999845613765217
0.8513594380091851
0.880889681219701
0.9690141814907153
0.8860441857549836
0.8535952353654577
0.861959776534987
0.887077426030714
0.8629454681849095
0.8653811602388867
0.8623397358074337
0.877243073635324
0.8406466768830401
0.8603785272034336
0.8946052212697729
0.8875202916010629
0.8456955360323396
0.9469660861081978
0.8391368360883517
0.8430811369351363
0.8614489471973263
0.8777124266002537
0.8752960136303279
0.8338806087229133
0.8980188419469413
0.8892200573839092
0.8843421212920632
0.8445085087313738
0.8757214855681468
0.8799090947508678
0.8629499007481355
0.9332181533811361
0.9329552635405612
0.8580993095225252
0.8541021112459588
0.8678573880350181
0.9066303146334111
0.8958038637899148
0.9177023550640072
0.8450983219446343
0.8932288493918148
0.8959142077878987
0.983520146568496
0.8983498846868566
0.8476525642919323
0.9773763181636176
0.8679392437446721
0.8584155638424298
0.8479522921153313
0.9735105888295271
0.884458382170575
0.8858476798697236
0.9690141814907153
0.8705096748737957
0.8523403916389312
0.8920064199210211
0.861449888954978
0.859225079987304
0.8064738154604764
0.9146440710538553
0.851299798183149
0.9344035874594931
0.8714924213275409
0.8384404365176459
0.9772504634063146
0.8928782220129825
0.882023969712984
0.8662115933209819
0.8622974602619274
0.8950497177573508
0.8663645603767046
0.8332722476420068
0.8853846917874643
0.8487603741254699
0.9064594474825325
1.0
0.88080814226578
0.8801178553189487
0.9066758130119278
0.8855031302065484
0.8473297518895131
0.8687732542494941
0.8785250914644059
0.8557299127298462
0.8501084139422291
0.8420597609614237
0.8658432832184101
0.8796077677253367
0.8541652556572349
0.8847860563973379
0.8795993068890128
0.8462895834832176
0.8742179788967323
0.8739230615842479
0.8473929755227493
0.851553935165358
0.8733442872599189
0.9053059478019865
0.8445344815656177
0.8659569275693236
0.8778762575100265
0.9043894052155139
0.8577456386079936
0.8759838548651153
0.918623283906702
0.9054880958112155
0.8575910184566826
0.8351370507047032
0.880125786694678
0.8594737817285016
0.90535637286555
0.8763686541176842
0.9213332931001136
0.8596666314983873
0.8817753211832574
0.8697545004376945
0.8740662663576136
0.8641487978765033
0.8520862986082445
0.8774234211034412
0.855309776259602
0.8814706311178396
0.8570721831224309
0.8449209244542473
0.8812915590491853
0.8647869453602975
0.8981746737507548
1.0
0.8737158563474317
0.8313930220471005
0.8958337996933092
0.8818410317027883
0.875824396722339
0.8718013956689246
0.8759630504011663
0.9086699809076789
0.8808246347740651
0.8804556951150866
0.8903919906381612
0.8614696315413424
0.873593709255177
0.8760704195335066
0.8890010619629503
0.9583794984212534
0.926746699854628
0.8356103708234719
0.8687141046694654
0.8462996703030329
0.8732439496676032
0.8559056585855082
0.9082244134407513
0.8589722430658253
0.9794439274911715
0.9236629059567221
0.8732737747597712
0.9279096945557859
0.862633247174174
0.8783440076262379
0.8591138588637302
0.8441225229267844
0.8689483873909655
0.8565977956760606
0.8930643323015329
0.8733965172621445
0.8700776039543906
0.9082329086698313
0.8966438443307049
0.8744553744091431
0.8932567243600299
0.8336384456232296
0.8325396246173461
0.8424452476507811
0.8404721223144761
0.869438687206766
0.8488888228594771
0.8795146638373692
0.8763686541176842
